#FIG 3.2  Produced by xfig version 3.2.5c
Landscape
Center
Metric
A4      
100.00
Single
-2
1200 2
1 1 0 1 0 0 50 -1 20 0.000 1 6.0388 3742 2915 192 240 3742 2915 3934 2915
1 1 0 1 0 0 50 -1 20 0.000 1 6.0388 3931 2238 192 240 3931 2238 4123 2238
1 1 0 1 0 0 50 -1 20 0.000 1 6.0388 3550 3540 192 240 3550 3540 3742 3540
1 1 0 1 0 0 50 -1 20 0.000 1 5.1662 3050 1685 192 240 3050 1685 3242 1685
1 1 0 1 0 0 50 -1 20 0.000 1 1.9373 2017 1880 192 240 2017 1880 2209 1880
1 3 0 1 0 0 50 -1 20 0.000 1 0.0000 2025 3375 225 225 2025 3375 2250 3375
1 3 0 1 0 0 50 -1 20 0.000 1 0.0000 8100 4950 225 225 8100 4950 8325 4950
1 3 0 1 0 0 50 -1 20 0.000 1 0.0000 6750 6300 225 225 6750 6300 6975 6300
1 2 0 1 0 0 50 -1 20 0.000 1 3.3161 5655 4840 157 225 5498 4840 5812 4840
1 3 0 1 0 0 50 -1 20 0.000 1 0.0000 6750 4995 225 225 6750 4995 6975 4995
1 3 0 1 0 0 50 -1 20 0.000 1 0.0000 8110 6293 225 225 8110 6293 8335 6293
1 3 0 1 0 0 50 -1 20 0.000 1 0.0000 6750 5625 225 225 6750 5625 6975 5625
1 3 0 1 0 0 50 -1 20 0.000 1 0.0000 8100 5625 225 225 8100 5625 8325 5625
1 2 0 1 0 0 50 -1 20 0.000 1 3.3161 6075 5040 157 225 5918 5040 6232 5040
1 2 0 1 0 0 50 -1 20 0.000 1 3.3161 5625 5805 157 225 5468 5805 5782 5805
1 2 0 1 0 0 50 -1 20 0.000 1 3.3161 6075 6075 157 225 5918 6075 6232 6075
1 1 0 1 0 0 50 -1 20 0.000 1 6.1087 7380 4185 196 98 7380 4185 7576 4185
1 1 0 1 0 0 50 -1 20 0.000 1 6.1087 6525 4410 196 98 6525 4410 6721 4410
1 1 0 1 0 0 50 -1 20 0.000 1 6.1087 6975 4320 196 98 6975 4320 7171 4320
1 1 0 1 0 0 50 -1 20 0.000 1 6.1087 7905 4395 196 98 7905 4395 8101 4395
1 1 0 1 0 0 50 -1 20 0.000 1 6.1087 5970 4155 196 98 5970 4155 6166 4155
2 2 0 1 0 7 50 -1 -1 0.000 0 0 -1 0 0 5
	 900 2250 3150 2250 3150 4500 900 4500 900 2250
2 1 0 1 0 7 50 -1 -1 0.000 0 0 -1 0 0 4
	 900 2250 2025 1350 4275 1350 3150 2250
2 1 0 1 0 7 50 -1 -1 0.000 0 0 -1 0 0 3
	 4275 1350 4275 3600 3150 4500
2 2 0 1 0 7 50 -1 -1 0.000 0 0 -1 0 0 5
	 6300 4500 8550 4500 8550 6750 6300 6750 6300 4500
2 1 0 1 0 7 50 -1 -1 0.000 0 0 -1 0 0 4
	 6300 4500 5400 4050 5400 6300 6300 6750
2 1 0 1 0 7 50 -1 -1 0.000 0 0 -1 0 0 3
	 5400 4050 7650 4050 8550 4500
